3.992094e+002;0.000000e+000
4.011380e+002;0.000000e+000
4.030665e+002;0.000000e+000
4.049951e+002;0.000000e+000
4.069236e+002;0.000000e+000
4.088522e+002;0.000000e+000
4.107807e+002;0.000000e+000
4.127093e+002;0.000000e+000
4.146378e+002;0.000000e+000
4.165664e+002;0.000000e+000
4.184949e+002;0.000000e+000
4.204235e+002;0.000000e+000
4.223520e+002;0.000000e+000
4.242806e+002;0.000000e+000
4.262091e+002;0.000000e+000
4.281377e+002;0.000000e+000
4.300662e+002;0.000000e+000
4.319948e+002;0.000000e+000
4.339233e+002;0.000000e+000
4.358519e+002;0.000000e+000
4.377804e+002;0.000000e+000
4.397090e+002;0.000000e+000
4.416375e+002;0.000000e+000
4.435660e+002;0.000000e+000
4.454946e+002;0.000000e+000
4.474232e+002;0.000000e+000
4.493517e+002;0.000000e+000
4.512802e+002;0.000000e+000
4.532088e+002;0.000000e+000
4.551373e+002;0.000000e+000
4.570659e+002;0.000000e+000
4.589944e+002;0.000000e+000
4.609230e+002;0.000000e+000
4.628515e+002;0.000000e+000
4.647801e+002;0.000000e+000
4.667086e+002;0.000000e+000
4.686372e+002;0.000000e+000
4.705657e+002;0.000000e+000
4.724943e+002;0.000000e+000
4.744228e+002;0.000000e+000
4.763513e+002;0.000000e+000
4.782799e+002;0.000000e+000
4.802085e+002;0.000000e+000
4.821370e+002;0.000000e+000
4.840656e+002;0.000000e+000
4.859941e+002;0.000000e+000
4.879226e+002;0.000000e+000
4.898512e+002;0.000000e+000
4.917798e+002;0.000000e+000
4.937083e+002;0.000000e+000
4.956368e+002;0.000000e+000
4.975654e+002;0.000000e+000
4.994939e+002;0.000000e+000
5.014225e+002;0.000000e+000
5.033510e+002;0.000000e+000
5.052796e+002;0.000000e+000
5.072081e+002;0.000000e+000
5.091367e+002;0.000000e+000
5.110652e+002;0.000000e+000
5.129938e+002;0.000000e+000
5.149223e+002;0.000000e+000
5.168509e+002;0.000000e+000
5.187794e+002;0.000000e+000
5.207079e+002;0.000000e+000
5.226365e+002;0.000000e+000
5.245651e+002;0.000000e+000
5.264936e+002;0.000000e+000
5.284222e+002;0.000000e+000
5.303507e+002;0.000000e+000
5.322792e+002;0.000000e+000
5.342078e+002;0.000000e+000
5.361364e+002;0.000000e+000
5.380649e+002;0.000000e+000
5.399935e+002;0.000000e+000
5.419220e+002;0.000000e+000
5.438505e+002;0.000000e+000
5.457791e+002;0.000000e+000
5.477076e+002;0.000000e+000
5.496362e+002;0.000000e+000
5.515648e+002;0.000000e+000
5.534933e+002;0.000000e+000
5.554218e+002;0.000000e+000
5.573504e+002;0.000000e+000
5.592789e+002;0.000000e+000
5.612075e+002;0.000000e+000
5.631360e+002;0.000000e+000
5.650646e+002;0.000000e+000
5.669931e+002;0.000000e+000
5.689217e+002;0.000000e+000
5.708502e+002;0.000000e+000
5.727787e+002;0.000000e+000
5.747073e+002;0.000000e+000
5.766359e+002;0.000000e+000
5.785644e+002;0.000000e+000
5.804930e+002;0.000000e+000
5.824215e+002;0.000000e+000
5.843500e+002;0.000000e+000
5.862786e+002;0.000000e+000
5.882072e+002;0.000000e+000
5.901357e+002;0.000000e+000
5.920643e+002;0.000000e+000
5.939928e+002;0.000000e+000
5.959213e+002;0.000000e+000
5.978499e+002;0.000000e+000
5.997784e+002;2.691887e-001
6.017070e+002;2.694485e-001
6.036355e+002;2.705464e-001
6.055641e+002;2.783570e-001
6.074926e+002;2.806746e-001
6.094211e+002;2.793144e-001
6.113497e+002;2.723901e-001
6.132783e+002;2.700706e-001
6.152068e+002;2.698753e-001
6.171354e+002;2.650898e-001
6.190639e+002;2.571927e-001
6.209924e+002;2.516987e-001
6.229210e+002;2.528443e-001
6.248495e+002;2.511644e-001
6.267781e+002;2.486323e-001
6.287067e+002;2.490658e-001
6.306352e+002;2.483620e-001
6.325637e+002;2.432979e-001
6.344923e+002;2.395676e-001
6.364208e+002;2.424388e-001
6.383494e+002;2.443110e-001
6.402780e+002;2.414648e-001
6.422065e+002;2.366058e-001
6.441350e+002;2.346203e-001
6.460636e+002;2.363117e-001
6.479921e+002;2.364942e-001
6.499207e+002;2.378971e-001
6.518492e+002;2.409955e-001
6.537778e+002;2.426725e-001
6.557063e+002;2.463713e-001
6.576349e+002;2.508775e-001
6.595634e+002;2.511949e-001
6.614919e+002;2.533831e-001
6.634205e+002;2.587413e-001
6.653491e+002;2.603996e-001
6.672776e+002;2.585211e-001
6.692062e+002;2.585028e-001
6.711347e+002;2.577592e-001
6.730632e+002;2.487034e-001
6.749918e+002;2.353202e-001
6.769203e+002;2.215735e-001
6.788489e+002;2.083097e-001
6.807775e+002;1.988636e-001
6.827060e+002;1.931853e-001
6.846345e+002;1.888410e-001
6.865631e+002;1.858895e-001
6.884916e+002;1.848796e-001
6.904202e+002;1.839502e-001
6.923488e+002;1.829079e-001
6.942773e+002;1.819752e-001
6.962058e+002;1.806196e-001
6.981344e+002;1.801786e-001
7.000629e+002;1.796971e-001
7.019915e+002;1.794178e-001
7.039200e+002;1.790875e-001
7.058486e+002;1.777409e-001
7.077771e+002;1.770149e-001
7.097057e+002;1.775382e-001
7.116342e+002;1.764206e-001
7.135627e+002;1.742180e-001
7.154913e+002;1.725829e-001
7.174199e+002;1.717378e-001
7.193484e+002;1.706477e-001
7.212770e+002;1.689384e-001
7.232055e+002;1.680339e-001
7.251340e+002;1.664295e-001
7.270626e+002;1.643947e-001
7.289911e+002;1.626714e-001
7.309197e+002;1.612078e-001
7.328483e+002;1.597492e-001
7.347768e+002;1.579750e-001
7.367053e+002;1.572487e-001
7.386339e+002;1.564980e-001
7.405624e+002;1.552883e-001
7.424910e+002;1.539060e-001
7.444196e+002;1.525784e-001
7.463481e+002;1.517717e-001
7.482766e+002;1.510376e-001
7.502052e+002;1.486151e-001
7.521337e+002;1.465077e-001
7.540623e+002;1.455498e-001
7.559908e+002;1.444745e-001
7.579194e+002;1.429383e-001
7.598479e+002;1.418439e-001
7.617765e+002;1.421933e-001
7.637050e+002;1.421856e-001
7.656335e+002;1.407968e-001
7.675621e+002;1.389112e-001
7.694907e+002;1.376844e-001
7.714192e+002;1.366512e-001
7.733478e+002;1.354960e-001
7.752763e+002;1.342350e-001
7.772048e+002;1.328427e-001
7.791334e+002;1.323566e-001
7.810620e+002;1.326899e-001
7.829905e+002;1.319995e-001
7.849191e+002;1.309353e-001
7.868476e+002;1.294181e-001
7.887761e+002;1.281629e-001
7.907047e+002;1.283412e-001
7.926332e+002;1.285577e-001
7.945618e+002;1.281954e-001
7.964903e+002;1.279445e-001
7.984189e+002;1.268521e-001
8.003474e+002;1.257311e-001
8.022759e+002;1.255158e-001
8.042045e+002;1.244958e-001
8.061331e+002;1.233508e-001
8.080616e+002;1.242372e-001
8.099902e+002;1.254105e-001
8.119187e+002;1.257615e-001
8.138472e+002;1.259120e-001
8.157758e+002;1.254913e-001
8.177043e+002;1.249267e-001
8.196329e+002;1.244154e-001
8.215615e+002;1.239892e-001
8.234900e+002;1.240031e-001
8.254185e+002;1.242525e-001
8.273471e+002;1.241829e-001
8.292756e+002;1.241578e-001
8.312042e+002;1.237594e-001
8.331328e+002;1.229307e-001
8.350613e+002;1.228030e-001
8.369898e+002;1.225545e-001
8.389184e+002;1.220893e-001
8.408469e+002;1.216170e-001
8.427755e+002;1.214287e-001
8.447040e+002;1.214840e-001
8.466326e+002;1.216280e-001
8.485611e+002;1.214377e-001
8.504897e+002;1.214492e-001
8.524182e+002;1.221162e-001
8.543467e+002;1.223015e-001
8.562753e+002;1.223048e-001
8.582039e+002;1.224333e-001
8.601324e+002;1.222327e-001
8.620610e+002;1.228548e-001
8.639895e+002;1.242344e-001
8.659180e+002;1.256136e-001
8.678466e+002;1.264427e-001
8.697751e+002;1.276965e-001
8.717037e+002;1.303551e-001
8.736323e+002;1.335855e-001
8.755608e+002;1.367823e-001
8.774893e+002;1.404250e-001
8.794179e+002;1.445762e-001
8.813464e+002;1.498137e-001
8.832750e+002;1.562150e-001
8.852036e+002;1.626437e-001
8.871321e+002;1.695061e-001
8.890606e+002;1.771836e-001
8.909892e+002;1.840555e-001
8.929177e+002;1.885238e-001
8.948463e+002;1.901036e-001
8.967748e+002;1.874947e-001
8.987034e+002;1.821283e-001
9.006319e+002;1.763783e-001
9.025605e+002;1.703620e-001
9.044890e+002;1.650625e-001
9.064175e+002;1.606891e-001
9.083461e+002;1.567022e-001
9.102747e+002;1.531472e-001
9.122032e+002;1.502512e-001
9.141318e+002;1.483900e-001
9.160603e+002;1.475019e-001
9.179888e+002;1.474426e-001
9.199174e+002;1.476907e-001
9.218459e+002;1.487583e-001
9.237745e+002;1.507330e-001
9.257031e+002;1.522404e-001
9.276316e+002;1.531828e-001
9.295601e+002;1.549139e-001
9.314887e+002;1.573153e-001
9.334172e+002;1.594243e-001
9.353458e+002;1.614191e-001
9.372744e+002;1.632589e-001
9.392029e+002;1.651987e-001
9.411314e+002;1.677504e-001
9.430600e+002;1.709500e-001
9.449885e+002;1.743859e-001
9.469171e+002;1.782726e-001
9.488456e+002;1.829039e-001
9.507742e+002;1.879961e-001
9.527027e+002;1.929699e-001
9.546313e+002;1.985337e-001
9.565598e+002;2.052374e-001
9.584883e+002;2.122672e-001
9.604169e+002;2.189381e-001
9.623455e+002;2.249898e-001
9.642740e+002;2.309634e-001
9.662026e+002;2.369506e-001
9.681311e+002;2.427937e-001
9.700596e+002;2.484067e-001
9.719882e+002;2.552104e-001
9.739167e+002;2.642132e-001
9.758453e+002;2.747863e-001
9.777739e+002;2.869919e-001
9.797024e+002;3.011284e-001
9.816309e+002;3.174068e-001
9.835595e+002;3.354045e-001
9.854880e+002;3.544571e-001
9.874166e+002;3.731223e-001
9.893452e+002;3.902401e-001
9.912737e+002;4.051544e-001
9.932022e+002;4.168900e-001
9.951307e+002;4.257289e-001
9.970593e+002;4.309008e-001
9.989879e+002;4.326779e-001
1.000916e+003;4.331554e-001
1.002845e+003;4.353244e-001
1.004773e+003;4.393274e-001
1.006702e+003;4.449290e-001
1.008631e+003;4.530429e-001
1.010559e+003;4.631639e-001
1.012488e+003;4.743176e-001
1.014416e+003;4.850316e-001
1.016345e+003;4.941875e-001
1.018273e+003;5.010227e-001
1.020202e+003;5.056744e-001
1.022130e+003;5.078282e-001
1.024059e+003;5.073942e-001
1.025988e+003;5.054741e-001
1.027916e+003;5.007193e-001
1.029845e+003;4.934314e-001
1.031773e+003;4.854664e-001
1.033702e+003;4.772325e-001
1.035630e+003;4.693499e-001
1.037559e+003;4.636373e-001
1.039487e+003;4.601667e-001
1.041416e+003;4.574886e-001
1.043344e+003;4.554112e-001
1.045273e+003;4.531603e-001
1.047202e+003;4.498401e-001
1.049130e+003;4.462108e-001
1.051059e+003;4.440460e-001
1.052987e+003;4.419258e-001
1.054916e+003;4.384280e-001
1.056844e+003;4.340059e-001
1.058773e+003;4.280374e-001
1.060701e+003;4.198674e-001
1.062630e+003;4.094723e-001
1.064558e+003;3.983401e-001
1.066487e+003;3.869208e-001
1.068416e+003;3.769533e-001
1.070344e+003;3.698213e-001
1.072273e+003;3.637226e-001
1.074201e+003;3.579820e-001
1.076130e+003;3.521964e-001
1.078058e+003;3.463001e-001
1.079987e+003;3.410437e-001
1.081915e+003;3.357160e-001
1.083844e+003;3.288889e-001
1.085773e+003;3.216364e-001
1.087701e+003;3.144378e-001
1.089630e+003;3.077108e-001
1.091558e+003;3.015823e-001
1.093487e+003;2.954155e-001
1.095415e+003;2.889035e-001
1.097344e+003;2.818043e-001
1.099272e+003;2.734745e-001
1.101201e+003;2.646031e-001
1.103129e+003;2.564200e-001
1.105058e+003;2.506231e-001
1.106987e+003;2.466007e-001
1.108915e+003;2.440784e-001
1.110844e+003;2.410169e-001
1.112772e+003;2.363324e-001
1.114701e+003;2.308954e-001
1.116629e+003;2.258843e-001
1.118558e+003;2.208376e-001
1.120486e+003;2.152783e-001
1.122415e+003;2.092427e-001
1.124344e+003;2.029056e-001
1.126272e+003;1.961646e-001
1.128201e+003;1.893694e-001
1.130129e+003;1.834985e-001
1.132058e+003;1.786751e-001
1.133986e+003;1.736696e-001
1.135915e+003;1.688903e-001
1.137843e+003;1.654727e-001
1.139772e+003;1.629443e-001
1.141700e+003;1.618540e-001
1.143629e+003;1.624260e-001
1.145557e+003;1.639133e-001
1.147486e+003;1.662926e-001
1.149415e+003;1.694495e-001
1.151343e+003;1.725207e-001
1.153272e+003;1.753534e-001
1.155200e+003;1.772848e-001
1.157129e+003;1.778557e-001
1.159057e+003;1.758413e-001
1.160986e+003;1.711359e-001
1.162914e+003;1.649612e-001
1.164843e+003;1.575734e-001
1.166771e+003;1.496017e-001
1.168700e+003;1.423047e-001
1.170629e+003;1.359367e-001
1.172557e+003;1.304913e-001
1.174486e+003;1.258973e-001
1.176414e+003;1.218816e-001
1.178343e+003;1.186542e-001
1.180271e+003;1.162580e-001
1.182200e+003;1.148506e-001
1.184128e+003;1.142474e-001
1.186057e+003;1.140716e-001
1.187986e+003;1.151220e-001
1.189914e+003;1.177200e-001
1.191843e+003;1.210849e-001
1.193771e+003;1.245081e-001
1.195700e+003;1.275467e-001
1.197628e+003;1.287600e-001
1.199557e+003;1.283313e-001
1.201485e+003;1.267481e-001
1.203414e+003;1.239812e-001
1.205343e+003;1.207385e-001
1.207271e+003;1.180941e-001
1.209200e+003;1.163757e-001
1.211128e+003;1.152281e-001
1.213057e+003;1.151014e-001
1.214985e+003;1.159835e-001
1.216914e+003;1.174915e-001
1.218842e+003;1.200888e-001
1.220771e+003;1.229306e-001
1.222699e+003;1.253627e-001
1.224628e+003;1.274065e-001
1.226557e+003;1.285494e-001
1.228485e+003;1.285188e-001
1.230414e+003;1.278060e-001
1.232342e+003;1.270768e-001
1.234271e+003;1.265541e-001
1.236199e+003;1.261224e-001
1.238128e+003;1.256316e-001
1.240056e+003;1.247754e-001
1.241985e+003;1.236307e-001
1.243913e+003;1.228465e-001
1.245842e+003;1.226245e-001
1.247771e+003;1.225588e-001
1.249699e+003;1.230301e-001
1.251628e+003;1.238474e-001
1.253556e+003;1.249898e-001
1.255485e+003;1.268259e-001
1.257413e+003;1.282948e-001
1.259342e+003;1.290353e-001
1.261270e+003;1.292241e-001
1.263199e+003;1.287672e-001
1.265127e+003;1.274162e-001
1.267056e+003;1.259618e-001
1.268985e+003;1.251001e-001
1.270913e+003;1.244943e-001
1.272842e+003;1.239642e-001
1.274770e+003;1.236932e-001
1.276699e+003;1.237804e-001
1.278627e+003;1.233356e-001
1.280556e+003;1.222659e-001
1.282484e+003;1.209278e-001
1.284413e+003;1.200916e-001
1.286342e+003;1.205356e-001
1.288270e+003;1.217065e-001
1.290199e+003;1.237022e-001
1.292127e+003;1.259096e-001
1.294056e+003;1.277948e-001
1.295984e+003;1.295427e-001
1.297913e+003;1.311225e-001
1.299841e+003;1.328647e-001
1.301770e+003;1.349694e-001
1.303698e+003;1.373800e-001
1.305627e+003;1.401996e-001
1.307556e+003;1.436542e-001
1.309484e+003;1.469272e-001
1.311413e+003;1.489852e-001
1.313341e+003;1.500782e-001
1.315270e+003;1.502827e-001
1.317198e+003;1.490978e-001
1.319127e+003;1.463807e-001
1.321055e+003;1.430430e-001
1.322984e+003;1.407707e-001
1.324912e+003;1.395598e-001
1.326841e+003;1.392604e-001
1.328770e+003;1.395295e-001
1.330698e+003;1.398993e-001
1.332627e+003;1.403168e-001
1.334555e+003;1.406575e-001
1.336484e+003;1.407316e-001
1.338412e+003;1.401891e-001
1.340341e+003;1.391922e-001
1.342269e+003;1.382544e-001
1.344198e+003;1.375648e-001
1.346126e+003;1.369185e-001
1.348055e+003;1.366283e-001
1.349984e+003;1.366017e-001
1.351912e+003;1.371344e-001
1.353841e+003;1.385620e-001
1.355769e+003;1.404279e-001
1.357698e+003;1.423863e-001
1.359626e+003;1.440978e-001
1.361555e+003;1.454172e-001
1.363483e+003;1.463557e-001
1.365412e+003;1.464871e-001
1.367341e+003;1.458616e-001
1.369269e+003;1.449612e-001
1.371198e+003;1.438544e-001
1.373126e+003;1.422521e-001
1.375055e+003;1.403312e-001
1.376983e+003;1.381849e-001
1.378912e+003;1.351825e-001
1.380840e+003;1.316018e-001
1.382769e+003;1.280623e-001
1.384698e+003;1.251025e-001
1.386626e+003;1.229675e-001
1.388555e+003;1.215801e-001
1.390483e+003;1.208064e-001
1.392412e+003;1.202608e-001
1.394340e+003;1.196490e-001
1.396269e+003;1.194244e-001
1.398197e+003;1.191541e-001
1.400126e+003;1.185441e-001
1.402054e+003;1.177618e-001
1.403983e+003;1.171813e-001
1.405911e+003;1.172717e-001
1.407840e+003;1.175649e-001
1.409769e+003;1.175563e-001
1.411697e+003;1.174061e-001
1.413626e+003;1.174802e-001
1.415554e+003;1.177101e-001
1.417483e+003;1.175757e-001
1.419411e+003;1.172333e-001
1.421340e+003;1.171454e-001
1.423268e+003;1.171172e-001
1.425197e+003;1.170101e-001
1.427125e+003;1.167286e-001
1.429054e+003;1.162618e-001
1.430983e+003;1.157504e-001
1.432911e+003;1.154548e-001
1.434840e+003;1.150444e-001
1.436768e+003;1.144146e-001
1.438697e+003;1.138472e-001
1.440625e+003;1.132632e-001
1.442554e+003;1.126604e-001
1.444482e+003;1.117200e-001
1.446411e+003;1.105308e-001
1.448340e+003;1.094840e-001
1.450268e+003;1.086886e-001
1.452197e+003;1.079793e-001
1.454125e+003;1.071784e-001
1.456054e+003;1.062460e-001
1.457982e+003;1.057344e-001
1.459911e+003;1.056921e-001
1.461839e+003;1.051279e-001
1.463768e+003;1.040222e-001
1.465697e+003;1.031464e-001
1.467625e+003;1.026187e-001
1.469554e+003;1.019014e-001
1.471482e+003;1.007028e-001
1.473411e+003;9.948660e-002
1.475339e+003;9.825726e-002
1.477268e+003;9.676748e-002
1.479196e+003;9.521619e-002
1.481125e+003;9.388734e-002
1.483053e+003;9.268902e-002
1.484982e+003;9.123074e-002
1.486911e+003;8.970111e-002
1.488839e+003;8.839753e-002
1.490768e+003;8.727763e-002
1.492696e+003;8.623650e-002
1.494625e+003;8.507717e-002
1.496553e+003;8.396366e-002
1.498482e+003;8.330755e-002
1.500410e+003;8.260229e-002
1.502339e+003;8.190259e-002
1.504267e+003;8.125605e-002
1.506196e+003;8.032949e-002
1.508125e+003;7.991062e-002
1.510053e+003;7.986820e-002
1.511982e+003;7.929835e-002
1.513910e+003;7.856708e-002
1.515839e+003;7.824563e-002
1.517767e+003;7.809632e-002
1.519696e+003;7.765135e-002
1.521624e+003;7.732171e-002
1.523553e+003;7.738700e-002
1.525481e+003;7.719895e-002
1.527410e+003;7.693508e-002
1.529339e+003;7.674758e-002
1.531267e+003;7.651085e-002
1.533196e+003;7.630213e-002
1.535124e+003;7.623503e-002
1.537053e+003;7.628566e-002
1.538981e+003;7.580663e-002
1.540910e+003;7.531261e-002
1.542838e+003;7.525610e-002
1.544767e+003;7.523593e-002
1.546695e+003;7.527521e-002
1.548624e+003;7.529767e-002
1.550553e+003;7.517876e-002
1.552481e+003;7.494245e-002
1.554410e+003;7.494276e-002
1.556338e+003;7.508863e-002
1.558267e+003;7.489004e-002
1.560195e+003;7.531080e-002
1.562124e+003;7.627729e-002
1.564052e+003;7.663274e-002
1.565981e+003;7.664922e-002
1.567910e+003;7.685609e-002
1.569838e+003;7.715613e-002
1.571767e+003;7.753377e-002
1.573695e+003;7.758198e-002
1.575624e+003;7.755845e-002
1.577552e+003;7.827190e-002
1.579481e+003;7.909154e-002
1.581409e+003;7.922879e-002
1.583338e+003;7.942539e-002
1.585266e+003;7.987836e-002
1.587195e+003;8.027396e-002
1.589124e+003;8.075128e-002
1.591052e+003;8.135594e-002
1.592981e+003;8.191191e-002
1.594909e+003;8.239203e-002
1.596838e+003;8.298671e-002
1.598766e+003;8.343156e-002
1.600695e+003;8.364004e-002
1.602623e+003;8.387049e-002
1.604552e+003;8.424850e-002
1.606480e+003;8.460703e-002
1.608409e+003;8.490518e-002
1.610338e+003;8.526612e-002
1.612266e+003;8.583628e-002
1.614195e+003;8.597556e-002
1.616123e+003;8.589794e-002
1.618052e+003;8.614748e-002
1.619980e+003;8.684031e-002
1.621909e+003;8.734524e-002
1.623837e+003;8.774272e-002
1.625766e+003;8.829369e-002
1.627694e+003;8.891879e-002
1.629623e+003;8.928718e-002
1.631552e+003;8.962828e-002
1.633480e+003;8.985687e-002
1.635409e+003;8.966917e-002
1.637337e+003;8.973581e-002
1.639266e+003;8.993198e-002
1.641194e+003;8.970938e-002
1.643123e+003;8.910128e-002
1.645051e+003;8.829511e-002
1.646980e+003;8.787843e-002
1.648909e+003;8.767986e-002
1.650837e+003;8.701136e-002
1.652766e+003;8.606482e-002
1.654694e+003;8.587145e-002
1.656623e+003;8.584282e-002
1.658551e+003;8.539166e-002
1.660480e+003;8.479026e-002
1.662408e+003;8.407620e-002
1.664337e+003;8.326693e-002
1.666266e+003;8.265284e-002
1.668194e+003;8.184077e-002
1.670123e+003;8.076050e-002
1.672051e+003;8.007335e-002
1.673980e+003;7.929437e-002
1.675908e+003;7.833122e-002
1.677837e+003;7.755298e-002
1.679765e+003;7.667393e-002
1.681694e+003;7.571101e-002
1.683622e+003;7.456741e-002
1.685551e+003;7.385828e-002
1.687479e+003;7.343513e-002
1.689408e+003;7.292882e-002
1.691337e+003;7.237385e-002
1.693265e+003;7.166287e-002
1.695194e+003;7.091668e-002
1.697122e+003;7.051220e-002
1.699051e+003;7.023432e-002
1.700979e+003;6.993976e-002
1.702908e+003;6.944691e-002
1.704836e+003;6.884392e-002
1.706765e+003;6.866991e-002
1.708693e+003;6.840894e-002
1.710622e+003;6.790675e-002
1.712551e+003;6.761621e-002
1.714479e+003;6.743862e-002
1.716408e+003;6.681247e-002
1.718336e+003;6.639531e-002
1.720265e+003;6.649934e-002
1.722193e+003;6.636991e-002
1.724122e+003;6.597871e-002
1.726050e+003;6.552278e-002
1.727979e+003;6.519459e-002
1.729908e+003;6.493613e-002
1.731836e+003;6.445988e-002
1.733765e+003;6.398424e-002
1.735693e+003;6.377186e-002
1.737622e+003;6.356027e-002
1.739550e+003;6.310312e-002
1.741479e+003;6.267488e-002
1.743407e+003;6.243582e-002
1.745336e+003;6.240457e-002
1.747265e+003;6.231223e-002
1.749193e+003;6.232198e-002
1.751122e+003;6.242098e-002
1.753050e+003;6.263247e-002
1.754979e+003;6.282254e-002
1.756907e+003;6.282358e-002
1.758836e+003;6.299105e-002
1.760764e+003;6.320632e-002
1.762693e+003;6.321455e-002
1.764621e+003;6.328339e-002
1.766550e+003;6.321198e-002
1.768479e+003;6.320509e-002
1.770407e+003;6.319723e-002
1.772336e+003;6.310652e-002
1.774264e+003;6.320700e-002
1.776193e+003;6.321102e-002
1.778121e+003;6.305791e-002
1.780050e+003;6.309457e-002
1.781978e+003;6.297259e-002
1.783907e+003;6.274956e-002
1.785835e+003;6.281044e-002
1.787764e+003;6.310553e-002
1.789693e+003;6.325771e-002
1.791621e+003;6.312978e-002
1.793550e+003;6.302048e-002
1.795478e+003;6.305220e-002
1.797407e+003;6.314293e-002
1.799335e+003;6.304836e-002
1.801264e+003;6.295341e-002
1.803192e+003;6.283522e-002
1.805121e+003;6.273556e-002
1.807049e+003;6.290798e-002
1.808978e+003;6.297117e-002
1.810907e+003;6.280133e-002
1.812835e+003;6.283230e-002
1.814764e+003;6.294980e-002
1.816692e+003;6.290063e-002
1.818621e+003;6.301078e-002
1.820549e+003;6.307273e-002
1.822478e+003;6.316699e-002
1.824406e+003;6.316197e-002
1.826335e+003;6.302580e-002
1.828264e+003;6.290261e-002
1.830192e+003;6.278601e-002
1.832121e+003;6.284744e-002
1.834049e+003;6.279218e-002
1.835978e+003;6.271143e-002
1.837906e+003;6.281044e-002
1.839835e+003;6.280121e-002
1.841763e+003;6.263305e-002
1.843692e+003;6.253745e-002
1.845620e+003;6.265869e-002
1.847549e+003;6.274738e-002
1.849478e+003;6.286945e-002
1.851406e+003;6.288749e-002
1.853335e+003;6.276963e-002
1.855263e+003;6.264686e-002
1.857192e+003;6.261965e-002
1.859120e+003;6.259359e-002
1.861049e+003;6.260694e-002
1.862977e+003;6.261207e-002
1.864906e+003;6.268346e-002
1.866834e+003;6.266489e-002
1.868763e+003;6.251311e-002
1.870692e+003;6.238441e-002
1.872620e+003;6.254008e-002
1.874549e+003;6.275538e-002
1.876477e+003;6.267656e-002
1.878406e+003;6.265187e-002
1.880334e+003;6.263737e-002
1.882263e+003;6.266657e-002
1.884191e+003;6.284050e-002
1.886120e+003;6.275026e-002
1.888048e+003;6.252550e-002
1.889977e+003;6.236976e-002
1.891906e+003;6.231931e-002
1.893834e+003;6.243670e-002
1.895763e+003;6.263683e-002
1.897691e+003;6.281105e-002
1.899620e+003;6.273835e-002
1.901548e+003;6.270428e-002
1.903477e+003;6.281420e-002
1.905405e+003;6.291939e-002
1.907334e+003;6.290349e-002
1.909262e+003;6.278456e-002
1.911191e+003;6.284647e-002
1.913120e+003;6.306810e-002
1.915048e+003;6.306247e-002
1.916977e+003;6.301867e-002
1.918905e+003;6.316159e-002
1.920834e+003;6.322586e-002
1.922762e+003;6.318516e-002
1.924691e+003;6.332759e-002
1.926619e+003;6.340764e-002
1.928548e+003;6.329876e-002
1.930477e+003;6.319232e-002
1.932405e+003;6.323352e-002
1.934334e+003;6.338491e-002
1.936262e+003;6.338893e-002
1.938191e+003;6.342048e-002
1.940119e+003;6.358355e-002
1.942048e+003;6.357063e-002
1.943976e+003;6.371077e-002
1.945905e+003;6.381641e-002
1.947833e+003;6.370440e-002
1.949762e+003;6.369527e-002
1.951691e+003;6.379369e-002
1.953619e+003;6.395387e-002
1.955548e+003;6.402651e-002
1.957476e+003;6.411963e-002
1.959405e+003;6.431363e-002
1.961333e+003;6.422334e-002
1.963262e+003;6.409210e-002
1.965190e+003;6.414249e-002
1.967119e+003;6.426933e-002
1.969047e+003;6.443421e-002
1.970976e+003;6.464334e-002
1.972905e+003;6.470825e-002
1.974833e+003;6.458986e-002
1.976762e+003;6.463888e-002
1.978690e+003;6.474809e-002
1.980619e+003;6.477883e-002
1.982547e+003;6.473041e-002
1.984476e+003;6.466853e-002
1.986404e+003;6.480853e-002
1.988333e+003;6.502330e-002
1.990261e+003;6.493129e-002
1.992190e+003;6.475410e-002
1.994119e+003;6.465953e-002
1.996047e+003;6.465469e-002
1.997976e+003;6.492686e-002
1.999904e+003;6.500690e-002
2.001833e+003;6.485137e-002
2.003761e+003;6.494802e-002
2.005690e+003;6.494960e-002
2.007618e+003;6.499070e-002
2.009547e+003;6.526702e-002
2.011476e+003;6.539249e-002
2.013404e+003;6.549080e-002
2.015333e+003;6.551129e-002
2.017261e+003;6.564016e-002
2.019190e+003;6.603391e-002
2.021118e+003;6.584481e-002
2.023047e+003;6.543621e-002
2.024975e+003;6.558593e-002
2.026904e+003;6.572985e-002
2.028833e+003;6.578540e-002
2.030761e+003;6.600852e-002
2.032690e+003;6.602407e-002
2.034618e+003;6.582943e-002
2.036547e+003;6.561568e-002
2.038475e+003;6.566574e-002
2.040404e+003;6.585291e-002
2.042332e+003;6.580730e-002
2.044261e+003;6.568949e-002
2.046189e+003;6.597065e-002
2.048118e+003;6.623038e-002
2.050047e+003;6.613240e-002
2.051975e+003;6.603398e-002
2.053904e+003;6.595051e-002
2.055832e+003;6.575444e-002
2.057761e+003;6.590077e-002
2.059689e+003;6.620236e-002
2.061618e+003;6.618125e-002
2.063546e+003;6.618831e-002
2.065475e+003;6.621286e-002
2.067404e+003;6.620166e-002
2.069332e+003;6.615370e-002
2.071260e+003;6.619456e-002
2.073189e+003;6.627896e-002
2.075118e+003;6.601392e-002
2.077046e+003;6.581474e-002
2.078975e+003;6.582727e-002
2.080903e+003;6.577372e-002
2.082832e+003;6.575201e-002
2.084760e+003;6.585126e-002
2.086689e+003;6.612152e-002
2.088617e+003;6.622084e-002
2.090546e+003;6.601049e-002
2.092475e+003;6.586652e-002
2.094403e+003;6.595969e-002
2.096332e+003;6.597381e-002
2.098260e+003;6.594338e-002
2.100189e+003;6.585916e-002
2.102117e+003;6.574531e-002
2.104046e+003;6.582519e-002
2.105974e+003;6.595329e-002
2.107903e+003;6.599117e-002
2.109832e+003;6.617172e-002
2.111760e+003;6.606041e-002
2.113688e+003;6.604062e-002
2.115617e+003;6.623968e-002
2.117546e+003;6.631629e-002
2.119474e+003;6.635111e-002
2.121403e+003;6.624886e-002
2.123331e+003;6.615710e-002
2.125260e+003;6.622925e-002
2.127188e+003;6.614868e-002
2.129117e+003;6.601805e-002
2.131045e+003;6.619395e-002
2.132974e+003;6.631764e-002
2.134903e+003;6.627218e-002
2.136831e+003;6.633104e-002
2.138760e+003;6.640092e-002
2.140688e+003;6.649814e-002
2.142617e+003;6.642311e-002
2.144545e+003;6.620919e-002
2.146474e+003;6.618600e-002
2.148402e+003;6.629348e-002
2.150331e+003;6.636921e-002
2.152260e+003;6.618021e-002
2.154188e+003;6.601242e-002
2.156117e+003;6.597794e-002
2.158045e+003;6.629082e-002
2.159974e+003;6.639300e-002
2.161902e+003;6.629004e-002
2.163831e+003;6.623759e-002
2.165759e+003;6.618407e-002
2.167688e+003;6.615285e-002
2.169616e+003;6.593621e-002
2.171545e+003;6.580186e-002
2.173474e+003;6.606585e-002
2.175402e+003;6.643420e-002
2.177331e+003;6.630298e-002
2.179259e+003;6.599656e-002
2.181188e+003;6.592105e-002
2.183116e+003;6.582098e-002
2.185045e+003;6.564721e-002
2.186973e+003;6.566012e-002
2.188902e+003;6.577742e-002
2.190831e+003;6.571624e-002
2.192759e+003;6.567064e-002
2.194688e+003;6.563988e-002
2.196616e+003;6.542827e-002
2.198545e+003;6.521226e-002
2.200473e+003;6.529405e-002
2.202402e+003;6.548879e-002
2.204330e+003;6.541502e-002
2.206259e+003;6.530526e-002
2.208188e+003;6.520014e-002
2.210116e+003;6.509669e-002
2.212044e+003;6.507441e-002
2.213973e+003;6.511367e-002
2.215902e+003;6.524507e-002
2.217830e+003;6.523360e-002
2.219759e+003;6.510358e-002
2.221687e+003;6.524722e-002
2.223616e+003;6.547493e-002
2.225544e+003;6.540871e-002
2.227473e+003;6.522246e-002
2.229401e+003;6.523948e-002
2.231330e+003;6.544527e-002
2.233259e+003;6.523267e-002
2.235187e+003;6.499043e-002
2.237116e+003;6.509862e-002
2.239044e+003;6.509765e-002
2.240973e+003;6.510047e-002
2.242901e+003;6.495479e-002
2.244830e+003;6.492471e-002
2.246758e+003;6.509196e-002
2.248687e+003;6.500886e-002
2.250615e+003;6.469867e-002
2.252544e+003;6.439651e-002
2.254473e+003;6.436308e-002
2.256401e+003;6.452831e-002
2.258330e+003;6.452546e-002
2.260258e+003;6.426929e-002
2.262187e+003;6.416703e-002
2.264115e+003;6.439271e-002
2.266044e+003;6.436235e-002
2.267972e+003;6.421128e-002
2.269901e+003;6.418305e-002
2.271830e+003;6.428823e-002
2.273758e+003;6.444982e-002
2.275687e+003;6.469379e-002
2.277615e+003;6.468079e-002
2.279544e+003;6.448560e-002
2.281472e+003;6.452596e-002
2.283401e+003;6.443513e-002
2.285329e+003;6.439470e-002
2.287258e+003;6.439724e-002
2.289187e+003;6.419180e-002
2.291115e+003;6.390807e-002
2.293043e+003;6.382896e-002
2.294972e+003;6.396853e-002
2.296901e+003;6.400079e-002
2.298829e+003;6.412540e-002
2.300758e+003;6.418355e-002
2.302686e+003;6.420617e-002
2.304615e+003;6.422119e-002
2.306543e+003;6.422830e-002
2.308472e+003;6.415178e-002
2.310400e+003;6.419914e-002
2.312329e+003;6.434076e-002
2.314258e+003;6.427866e-002
2.316186e+003;6.407178e-002
2.318115e+003;6.392431e-002
2.320043e+003;6.412021e-002
2.321972e+003;6.433994e-002
2.323900e+003;6.443379e-002
2.325829e+003;6.430164e-002
2.327757e+003;6.405704e-002
2.329686e+003;6.416730e-002
2.331615e+003;6.457455e-002
2.333543e+003;6.467618e-002
2.335472e+003;6.463511e-002
2.337400e+003;6.465707e-002
2.339329e+003;6.458559e-002
2.341257e+003;6.464465e-002
2.343186e+003;6.491882e-002
2.345114e+003;6.500713e-002
2.347043e+003;6.492763e-002
2.348971e+003;6.504951e-002
2.350900e+003;6.526624e-002
2.352829e+003;6.551719e-002
2.354757e+003;6.540231e-002
2.356686e+003;6.514111e-002
2.358614e+003;6.519101e-002
2.360543e+003;6.524888e-002
2.362471e+003;6.534439e-002
2.364400e+003;6.544680e-002
2.366328e+003;6.543120e-002
2.368257e+003;6.525023e-002
2.370186e+003;6.522647e-002
2.372114e+003;6.540524e-002
2.374042e+003;6.532405e-002
2.375971e+003;6.530125e-002
2.377900e+003;6.546009e-002
2.379828e+003;6.540632e-002
2.381757e+003;6.531003e-002
2.383685e+003;6.538814e-002
2.385614e+003;6.541094e-002
2.387542e+003;6.545455e-002
2.389471e+003;6.548275e-002
2.391399e+003;6.553507e-002
2.393328e+003;6.583008e-002
2.395257e+003;6.591168e-002
2.397185e+003;6.578787e-002
2.399114e+003;6.608811e-002
2.401042e+003;6.627214e-002
2.402971e+003;6.622663e-002
2.404899e+003;6.609282e-002
2.406828e+003;6.613252e-002
2.408756e+003;6.629861e-002
2.410685e+003;6.629788e-002
2.412614e+003;6.633197e-002
2.414542e+003;6.650173e-002
2.416471e+003;6.655456e-002
2.418399e+003;6.648540e-002
2.420328e+003;6.654379e-002
2.422256e+003;6.668527e-002
2.424185e+003;6.678639e-002
2.426113e+003;6.692823e-002
2.428042e+003;6.706988e-002
2.429970e+003;6.719925e-002
2.431899e+003;6.731889e-002
2.433828e+003;6.735917e-002
2.435756e+003;6.740526e-002
2.437685e+003;6.764141e-002
2.439613e+003;6.791714e-002
2.441542e+003;6.781685e-002
2.443470e+003;6.773187e-002
2.445399e+003;6.800978e-002
2.447327e+003;6.812590e-002
2.449256e+003;6.810205e-002
2.451185e+003;6.819563e-002
2.453113e+003;6.834933e-002
2.455042e+003;6.852873e-002
2.456970e+003;6.866886e-002
2.458899e+003;6.860552e-002
2.460827e+003;6.858441e-002
2.462756e+003;6.884672e-002
2.464684e+003;6.887941e-002
2.466613e+003;6.887072e-002
2.468542e+003;6.891987e-002
2.470470e+003;6.914932e-002
2.472398e+003;6.925730e-002
2.474327e+003;6.913436e-002
2.476256e+003;6.940322e-002
2.478184e+003;6.960873e-002
2.480113e+003;6.950174e-002
2.482041e+003;6.953273e-002
2.483970e+003;6.967387e-002
2.485898e+003;6.988706e-002
2.487827e+003;7.012983e-002
2.489755e+003;7.006574e-002
2.491684e+003;6.990310e-002
2.493613e+003;7.006558e-002
2.495541e+003;7.028987e-002
2.497470e+003;7.041715e-002
2.499398e+003;7.050277e-002
2.501327e+003;7.046520e-002
2.503255e+003;7.060852e-002
2.505184e+003;7.102179e-002
2.507112e+003;7.091242e-002
2.509041e+003;7.067940e-002
2.510969e+003;7.053290e-002
2.512898e+003;7.047560e-002
2.514827e+003;7.076628e-002
2.516755e+003;7.119422e-002
2.518684e+003;7.111521e-002
2.520612e+003;7.096887e-002
2.522541e+003;7.118629e-002
2.524469e+003;7.148888e-002
2.526398e+003;7.137609e-002
2.528326e+003;7.099295e-002
2.530255e+003;7.089557e-002
2.532184e+003;7.105601e-002
2.534112e+003;7.134219e-002
2.536041e+003;7.158338e-002
2.537969e+003;7.148216e-002
2.539898e+003;7.131962e-002
2.541826e+003;7.144271e-002
2.543755e+003;7.146622e-002
2.545683e+003;7.146404e-002
2.547612e+003;7.168306e-002
2.549541e+003;7.181682e-002
2.551469e+003;7.193626e-002
2.553397e+003;7.214430e-002
2.555326e+003;7.201995e-002
2.557255e+003;7.188293e-002
2.559183e+003;7.189184e-002
2.561112e+003;7.207374e-002
2.563040e+003;7.218135e-002
2.564969e+003;7.221837e-002
2.566897e+003;7.219864e-002
2.568826e+003;7.223508e-002
2.570754e+003;7.239643e-002
2.572683e+003;7.244337e-002
2.574612e+003;7.247865e-002
2.576540e+003;7.267234e-002
2.578469e+003;7.268275e-002
2.580397e+003;7.256839e-002
2.582326e+003;7.286466e-002
2.584254e+003;7.328589e-002
2.586183e+003;7.345047e-002
2.588111e+003;7.330707e-002
2.590040e+003;7.314098e-002
2.591969e+003;7.323682e-002
2.593897e+003;7.343846e-002
2.595826e+003;7.370650e-002
2.597754e+003;7.372637e-002
2.599683e+003;7.368636e-002
2.601611e+003;7.375512e-002
2.603540e+003;7.403023e-002
2.605468e+003;7.408312e-002
2.607397e+003;7.404029e-002
2.609325e+003;7.397754e-002
2.611254e+003;7.408556e-002
2.613183e+003;7.423994e-002
2.615111e+003;7.430760e-002
2.617040e+003;7.442994e-002
2.618968e+003;7.450655e-002
2.620897e+003;7.463284e-002
2.622825e+003;7.468517e-002
2.624754e+003;7.482517e-002
2.626682e+003;7.490917e-002
2.628611e+003;7.484784e-002
2.630540e+003;7.470540e-002
2.632468e+003;7.484642e-002
2.634396e+003;7.520106e-002
2.636325e+003;7.545884e-002
2.638254e+003;7.566912e-002
2.640182e+003;7.571843e-002
2.642111e+003;7.561174e-002
2.644039e+003;7.565441e-002
2.645968e+003;7.590193e-002
2.647896e+003;7.585063e-002
2.649825e+003;7.588559e-002
2.651753e+003;7.632393e-002
2.653682e+003;7.664511e-002
2.655611e+003;7.661890e-002
2.657539e+003;7.666946e-002
2.659468e+003;7.693017e-002
2.661396e+003;7.732301e-002
2.663325e+003;7.737654e-002
2.665253e+003;7.742438e-002
2.667182e+003;7.781795e-002
2.669110e+003;7.788403e-002
2.671039e+003;7.765896e-002
2.672968e+003;7.775893e-002
2.674896e+003;7.808256e-002
2.676825e+003;7.839202e-002
2.678753e+003;7.849745e-002
2.680682e+003;7.863872e-002
2.682610e+003;7.880840e-002
2.684539e+003;7.886858e-002
2.686467e+003;7.910601e-002
2.688396e+003;7.950624e-002
2.690324e+003;7.972459e-002
2.692253e+003;7.953823e-002
2.694182e+003;7.950918e-002
2.696110e+003;7.970189e-002
2.698039e+003;7.994444e-002
2.699967e+003;8.028592e-002
2.701896e+003;8.036724e-002
2.703824e+003;8.045649e-002
2.705753e+003;8.082703e-002
2.707681e+003;8.108713e-002
2.709610e+003;8.103570e-002
2.711539e+003;8.093812e-002
2.713467e+003;8.108357e-002
2.715396e+003;8.121949e-002
2.717324e+003;8.145969e-002
2.719253e+003;8.174281e-002
2.721181e+003;8.184669e-002
2.723110e+003;8.198369e-002
2.725038e+003;8.212101e-002
2.726967e+003;8.223224e-002
2.728896e+003;8.230760e-002
2.730824e+003;8.236483e-002
2.732752e+003;8.243085e-002
2.734681e+003;8.257990e-002
2.736610e+003;8.255465e-002
2.738538e+003;8.247291e-002
2.740467e+003;8.281603e-002
2.742395e+003;8.309871e-002
2.744324e+003;8.300801e-002
2.746252e+003;8.296136e-002
2.748181e+003;8.302413e-002
2.750109e+003;8.305334e-002
2.752038e+003;8.298783e-002
2.753967e+003;8.311344e-002
2.755895e+003;8.337921e-002
2.757824e+003;8.378890e-002
2.759752e+003;8.407129e-002
2.761681e+003;8.395590e-002
2.763609e+003;8.408307e-002
2.765538e+003;8.450337e-002
2.767466e+003;8.467875e-002
2.769395e+003;8.447174e-002
2.771323e+003;8.457124e-002
2.773252e+003;8.502837e-002
2.775181e+003;8.553329e-002
2.777109e+003;8.594409e-002
2.779038e+003;8.619864e-002
2.780966e+003;8.637145e-002
2.782895e+003;8.658531e-002
2.784823e+003;8.683278e-002
2.786752e+003;8.702812e-002
2.788680e+003;8.745282e-002
2.790609e+003;8.790337e-002
2.792538e+003;8.816589e-002
2.794466e+003;8.834627e-002
2.796395e+003;8.882158e-002
2.798323e+003;8.939566e-002
2.800252e+003;8.971003e-002
2.802180e+003;9.007473e-002
2.804109e+003;9.035019e-002
2.806037e+003;9.064594e-002
2.807966e+003;9.109912e-002
2.809895e+003;9.160081e-002
2.811823e+003;9.201702e-002
2.813751e+003;9.227343e-002
2.815680e+003;9.278234e-002
2.817609e+003;9.310213e-002
2.819537e+003;9.326319e-002
2.821466e+003;9.354104e-002
2.823394e+003;9.400598e-002
2.825323e+003;9.450132e-002
2.827251e+003;9.477019e-002
2.829180e+003;9.546108e-002
2.831108e+003;9.625293e-002
2.833037e+003;9.680768e-002
2.834966e+003;9.724281e-002
2.836894e+003;9.775194e-002
2.838823e+003;9.875236e-002
2.840751e+003;9.987479e-002
2.842680e+003;1.004712e-001
2.844608e+003;1.007794e-001
2.846537e+003;1.009198e-001
2.848465e+003;1.011948e-001
2.850394e+003;1.018500e-001
2.852323e+003;1.028365e-001
2.854251e+003;1.039925e-001
2.856180e+003;1.056542e-001
2.858108e+003;1.074155e-001
2.860037e+003;1.087910e-001
2.861965e+003;1.105374e-001
2.863894e+003;1.122495e-001
2.865822e+003;1.138124e-001
2.867751e+003;1.153507e-001
2.869679e+003;1.162941e-001
2.871608e+003;1.173710e-001
2.873536e+003;1.188005e-001
2.875465e+003;1.196523e-001
2.877394e+003;1.201548e-001
2.879322e+003;1.205790e-001
2.881251e+003;1.210432e-001
2.883179e+003;1.215635e-001
2.885108e+003;1.222660e-001
2.887036e+003;1.230582e-001
2.888965e+003;1.236594e-001
2.890893e+003;1.239797e-001
2.892822e+003;1.241167e-001
2.894750e+003;1.239991e-001
2.896679e+003;1.234359e-001
2.898608e+003;1.226152e-001
2.900536e+003;1.219262e-001
2.902465e+003;1.213326e-001
2.904393e+003;1.205740e-001
2.906322e+003;1.197182e-001
2.908250e+003;1.184585e-001
2.910179e+003;1.171399e-001
2.912107e+003;1.158589e-001
2.914036e+003;1.142694e-001
2.915965e+003;1.125262e-001
2.917893e+003;1.108764e-001
2.919822e+003;1.095513e-001
2.921750e+003;1.088764e-001
2.923679e+003;1.079150e-001
2.925607e+003;1.066930e-001
2.927536e+003;1.059119e-001
2.929464e+003;1.050705e-001
2.931393e+003;1.038387e-001
2.933322e+003;1.032584e-001
2.935250e+003;1.027567e-001
2.937178e+003;1.017281e-001
2.939107e+003;1.004737e-001
2.941036e+003;9.941537e-002
2.942964e+003;9.839863e-002
2.944893e+003;9.758984e-002
2.946821e+003;9.669250e-002
2.948750e+003;9.545039e-002
2.950678e+003;9.442340e-002
2.952607e+003;9.350048e-002
2.954535e+003;9.275949e-002
2.956464e+003;9.206957e-002
2.958393e+003;9.117404e-002
2.960321e+003;9.037413e-002
2.962250e+003;8.969536e-002
2.964178e+003;8.925414e-002
2.966107e+003;8.881007e-002
2.968035e+003;8.852020e-002
2.969964e+003;8.858549e-002
2.971892e+003;8.820765e-002
2.973821e+003;8.751143e-002
2.975750e+003;8.748671e-002
2.977678e+003;8.760267e-002
2.979607e+003;8.758046e-002
2.981535e+003;8.761033e-002
2.983464e+003;8.743823e-002
2.985392e+003;8.708704e-002
2.987321e+003;8.667426e-002
2.989249e+003;8.652263e-002
2.991178e+003;8.669420e-002
2.993106e+003;8.665836e-002
2.995035e+003;8.651680e-002
2.996964e+003;8.635003e-002
2.998892e+003;8.632755e-002
3.000821e+003;8.641847e-002
3.002749e+003;8.642700e-002
3.004678e+003;8.655102e-002
3.006606e+003;8.714684e-002
3.008535e+003;8.773992e-002
3.010463e+003;8.783320e-002
3.012392e+003;8.773473e-002
3.014321e+003;8.803212e-002
3.016249e+003;8.862141e-002
3.018177e+003;8.899402e-002
3.020106e+003;8.913334e-002
3.022035e+003;8.943693e-002
3.023963e+003;8.989595e-002
3.025892e+003;9.035998e-002
3.027820e+003;9.066647e-002
3.029749e+003;9.099484e-002
3.031677e+003;9.164929e-002
3.033606e+003;9.233335e-002
3.035534e+003;9.274226e-002
3.037463e+003;9.340655e-002
3.039392e+003;9.421079e-002
3.041320e+003;9.448480e-002
3.043249e+003;9.469149e-002
3.045177e+003;9.507339e-002
3.047106e+003;9.530713e-002
3.049034e+003;9.573407e-002
3.050963e+003;9.662668e-002
3.052891e+003;9.742104e-002
3.054820e+003;9.773314e-002
3.056749e+003;9.811802e-002
3.058677e+003;9.890137e-002
3.060606e+003;9.958465e-002
3.062534e+003;1.001067e-001
3.064463e+003;1.006555e-001
3.066391e+003;1.007866e-001
3.068320e+003;1.009754e-001
3.070248e+003;1.019832e-001
3.072177e+003;1.030633e-001
3.074105e+003;1.037397e-001
3.076034e+003;1.042874e-001
3.077963e+003;1.048063e-001
3.079891e+003;1.053020e-001
3.081820e+003;1.058406e-001
3.083748e+003;1.065898e-001
3.085677e+003;1.073388e-001
3.087605e+003;1.082355e-001
3.089534e+003;1.086430e-001
3.091462e+003;1.091947e-001
3.093391e+003;1.103348e-001
3.095320e+003;1.109465e-001
3.097248e+003;1.114076e-001
3.099177e+003;1.121730e-001
3.101105e+003;1.127910e-001
3.103034e+003;1.135157e-001
3.104962e+003;1.139843e-001
3.106891e+003;1.144979e-001
3.108819e+003;1.155268e-001
3.110748e+003;1.159311e-001
3.112677e+003;1.162804e-001
3.114605e+003;1.170209e-001
3.116533e+003;1.180142e-001
3.118462e+003;1.187760e-001
3.120391e+003;1.191473e-001
3.122319e+003;1.197549e-001
3.124248e+003;1.205050e-001
3.126176e+003;1.210926e-001
3.128105e+003;1.219942e-001
3.130033e+003;1.229062e-001
3.131962e+003;1.236328e-001
3.133890e+003;1.242541e-001
3.135819e+003;1.246437e-001
3.137748e+003;1.250384e-001
3.139676e+003;1.257642e-001
3.141605e+003;1.266691e-001
3.143533e+003;1.272816e-001
3.145462e+003;1.278733e-001
3.147390e+003;1.283248e-001
3.149319e+003;1.286954e-001
3.151247e+003;1.294015e-001
3.153176e+003;1.297165e-001
3.155104e+003;1.301226e-001
3.157033e+003;1.308521e-001
3.158962e+003;1.312699e-001
3.160890e+003;1.317233e-001
3.162819e+003;1.320960e-001
3.164747e+003;1.325146e-001
3.166676e+003;1.330434e-001
3.168604e+003;1.334172e-001
3.170533e+003;1.336694e-001
3.172461e+003;1.341565e-001
3.174390e+003;1.347532e-001
3.176319e+003;1.349198e-001
3.178247e+003;1.352413e-001
3.180176e+003;1.357944e-001
3.182104e+003;1.363653e-001
3.184033e+003;1.372496e-001
3.185961e+003;1.380249e-001
3.187890e+003;1.382505e-001
3.189818e+003;1.384429e-001
3.191747e+003;1.389143e-001
3.193676e+003;1.394659e-001
3.195604e+003;1.399406e-001
3.197532e+003;1.403960e-001
3.199461e+003;1.409803e-001
3.201390e+003;1.417732e-001
3.203318e+003;1.422910e-001
3.205247e+003;1.424778e-001
3.207175e+003;1.426667e-001
3.209104e+003;1.425704e-001
3.211032e+003;1.428754e-001
3.212961e+003;1.434812e-001
3.214889e+003;1.441202e-001
3.216818e+003;1.447405e-001
3.218747e+003;1.455483e-001
3.220675e+003;1.456537e-001
3.222604e+003;1.457952e-001
3.224532e+003;1.466763e-001
3.226461e+003;1.470970e-001
3.228389e+003;1.475253e-001
3.230318e+003;1.482121e-001
3.232246e+003;1.487353e-001
3.234175e+003;1.493485e-001
3.236104e+003;1.497694e-001
3.238032e+003;1.504069e-001
3.239961e+003;1.509887e-001
3.241889e+003;1.508155e-001
3.243818e+003;1.508675e-001
3.245746e+003;1.515485e-001
3.247675e+003;1.524168e-001
3.249603e+003;1.528393e-001
3.251532e+003;1.529322e-001
3.253460e+003;1.530809e-001
3.255389e+003;1.532635e-001
3.257318e+003;1.539873e-001
3.259246e+003;1.546930e-001
3.261175e+003;1.548757e-001
3.263103e+003;1.552081e-001
3.265032e+003;1.553481e-001
3.266960e+003;1.557744e-001
3.268889e+003;1.565945e-001
3.270817e+003;1.570452e-001
3.272746e+003;1.571496e-001
3.274675e+003;1.574274e-001
3.276603e+003;1.578629e-001
3.278531e+003;1.581977e-001
3.280460e+003;1.587716e-001
3.282389e+003;1.589560e-001
3.284317e+003;1.588610e-001
3.286246e+003;1.590323e-001
3.288174e+003;1.594842e-001
3.290103e+003;1.600465e-001
3.292031e+003;1.604025e-001
3.293960e+003;1.602534e-001
3.295888e+003;1.602279e-001
3.297817e+003;1.602398e-001
3.299746e+003;1.605396e-001
3.301674e+003;1.611081e-001
3.303603e+003;1.611937e-001
3.305531e+003;1.610601e-001
3.307460e+003;1.610417e-001
3.309388e+003;1.615053e-001
3.311317e+003;1.621879e-001
3.313245e+003;1.627074e-001
3.315174e+003;1.628586e-001
3.317103e+003;1.629540e-001
3.319031e+003;1.631273e-001
3.320960e+003;1.629408e-001
3.322888e+003;1.625351e-001
3.324817e+003;1.627876e-001
3.326745e+003;1.632044e-001
3.328674e+003;1.629159e-001
3.330602e+003;1.627041e-001
3.332531e+003;1.628566e-001
3.334459e+003;1.632881e-001
3.336388e+003;1.634971e-001
3.338317e+003;1.629302e-001
3.340245e+003;1.627042e-001
3.342174e+003;1.624835e-001
3.344102e+003;1.622257e-001
3.346031e+003;1.620083e-001
3.347959e+003;1.616529e-001
3.349888e+003;1.613452e-001
3.351816e+003;1.613631e-001
3.353745e+003;1.613584e-001
3.355674e+003;1.605738e-001
3.357602e+003;1.602497e-001
3.359531e+003;1.600312e-001
3.361459e+003;1.598651e-001
3.363388e+003;1.596030e-001
3.365316e+003;1.589078e-001
3.367245e+003;1.583431e-001
3.369173e+003;1.581695e-001
3.371102e+003;1.580912e-001
3.373031e+003;1.575837e-001
3.374959e+003;1.570765e-001
3.376887e+003;1.567461e-001
3.378816e+003;1.564473e-001
3.380745e+003;1.566494e-001
3.382673e+003;1.561187e-001
3.384602e+003;1.554321e-001
3.386530e+003;1.550923e-001
3.388459e+003;1.549863e-001
3.390387e+003;1.545986e-001
3.392316e+003;1.541904e-001
3.394244e+003;1.537499e-001
3.396173e+003;1.535871e-001
3.398102e+003;1.532715e-001
3.400030e+003;1.529627e-001
3.401959e+003;1.525185e-001
3.403887e+003;1.517460e-001
3.405816e+003;1.512676e-001
3.407744e+003;1.504821e-001
3.409673e+003;1.495320e-001
3.411601e+003;1.491625e-001
3.413530e+003;1.490761e-001
3.415458e+003;1.487976e-001
3.417387e+003;1.487490e-001
3.419316e+003;1.482875e-001
3.421244e+003;1.476078e-001
3.423173e+003;1.475848e-001
3.425101e+003;1.473070e-001
3.427030e+003;1.467980e-001
3.428958e+003;1.470379e-001
3.430887e+003;1.473977e-001
3.432815e+003;1.474096e-001
3.434744e+003;1.472322e-001
3.436673e+003;1.471028e-001
3.438601e+003;1.469113e-001
3.440530e+003;1.464234e-001
3.442458e+003;1.454514e-001
3.444387e+003;1.439005e-001
3.446315e+003;1.425028e-001
3.448244e+003;1.412929e-001
3.450172e+003;1.397900e-001
3.452101e+003;1.381785e-001
3.454030e+003;1.365517e-001
3.455958e+003;1.347982e-001
3.457886e+003;1.334260e-001
3.459815e+003;1.324757e-001
3.461744e+003;1.313697e-001
3.463672e+003;1.300939e-001
3.465601e+003;1.289124e-001
3.467529e+003;1.280038e-001
3.469458e+003;1.269929e-001
3.471386e+003;1.260762e-001
3.473315e+003;1.250517e-001
3.475243e+003;1.241850e-001
3.477172e+003;1.235653e-001
3.479101e+003;1.231453e-001
3.481029e+003;1.227697e-001
3.482958e+003;1.219382e-001
3.484886e+003;1.205633e-001
3.486815e+003;1.194879e-001
3.488743e+003;1.185125e-001
3.490672e+003;1.173562e-001
3.492600e+003;1.159649e-001
3.494529e+003;1.142585e-001
3.496458e+003;1.122376e-001
3.498386e+003;1.104125e-001
3.500315e+003;1.086538e-001
3.502243e+003;1.068619e-001
3.504172e+003;1.052511e-001
3.506100e+003;1.036872e-001
3.508029e+003;1.020456e-001
3.509957e+003;1.006591e-001
3.511886e+003;9.925980e-002
3.513814e+003;9.816255e-002
3.515743e+003;9.720198e-002
3.517672e+003;9.568392e-002
3.519600e+003;9.427430e-002
3.521529e+003;9.317645e-002
3.523457e+003;9.223987e-002
3.525386e+003;9.114297e-002
3.527314e+003;8.974058e-002
3.529243e+003;8.866741e-002
3.531171e+003;8.759424e-002
3.533100e+003;8.640970e-002
3.535029e+003;8.578129e-002
3.536957e+003;8.532067e-002
3.538885e+003;8.451891e-002
3.540814e+003;8.350428e-002
3.542743e+003;8.259877e-002
3.544671e+003;8.180893e-002
3.546600e+003;8.091360e-002
3.548528e+003;8.037562e-002
3.550457e+003;8.008606e-002
3.552385e+003;7.895780e-002
3.554314e+003;7.789675e-002
3.556242e+003;7.711240e-002
3.558171e+003;7.641234e-002
3.560100e+003;7.584455e-002
3.562028e+003;7.507260e-002
3.563957e+003;7.424949e-002
3.565885e+003;7.361927e-002
3.567814e+003;7.286282e-002
3.569742e+003;7.244173e-002
3.571671e+003;7.207929e-002
3.573599e+003;7.128752e-002
3.575528e+003;7.025827e-002
3.577457e+003;6.947690e-002
3.579385e+003;6.914742e-002
3.581314e+003;6.877102e-002
3.583242e+003;6.817230e-002
3.585171e+003;6.733820e-002
3.587099e+003;6.651231e-002
3.589028e+003;6.584720e-002
3.590956e+003;6.520922e-002
3.592885e+003;6.466645e-002
3.594813e+003;6.418493e-002
3.596742e+003;6.394219e-002
3.598671e+003;6.326357e-002
3.600599e+003;6.272013e-002
3.602528e+003;6.249673e-002
3.604456e+003;6.195034e-002
3.606385e+003;6.111266e-002
3.608313e+003;6.042979e-002
3.610242e+003;5.988878e-002
3.612170e+003;6.000209e-002
3.614099e+003;5.982462e-002
3.616028e+003;5.936385e-002
3.617956e+003;5.909222e-002
3.619885e+003;5.868225e-002
3.621813e+003;5.807106e-002
3.623742e+003;5.744537e-002
3.625670e+003;5.729249e-002
3.627599e+003;5.684766e-002
3.629527e+003;5.614703e-002
3.631456e+003;5.572966e-002
3.633385e+003;5.540115e-002
3.635313e+003;5.533027e-002
3.637241e+003;5.554515e-002
3.639170e+003;5.555359e-002
3.641099e+003;5.520854e-002
3.643027e+003;5.487699e-002
3.644956e+003;5.437897e-002
3.646884e+003;5.363454e-002
3.648813e+003;5.313064e-002
3.650741e+003;5.332465e-002
3.652670e+003;5.375790e-002
3.654598e+003;5.330244e-002
3.656527e+003;5.242494e-002
3.658456e+003;5.185038e-002
3.660384e+003;5.176601e-002
3.662313e+003;5.187215e-002
3.664241e+003;5.188133e-002
3.666170e+003;5.170569e-002
3.668098e+003;5.115824e-002
3.670027e+003;5.088971e-002
3.671955e+003;5.129529e-002
3.673884e+003;5.136887e-002
3.675813e+003;5.064819e-002
3.677741e+003;5.037868e-002
3.679669e+003;5.069626e-002
3.681598e+003;5.061915e-002
3.683527e+003;5.032417e-002
3.685455e+003;5.039315e-002
3.687384e+003;4.995522e-002
3.689312e+003;4.951282e-002
3.691241e+003;4.951137e-002
3.693169e+003;4.951026e-002
3.695098e+003;4.998310e-002
3.697026e+003;5.028138e-002
3.698955e+003;5.017020e-002
3.700884e+003;4.989686e-002
3.702812e+003;4.963825e-002
3.704741e+003;4.950120e-002
3.706669e+003;4.937010e-002
3.708598e+003;4.898137e-002
3.710526e+003;4.849935e-002
3.712455e+003;4.831263e-002
3.714383e+003;4.852877e-002
3.716312e+003;4.889915e-002
3.718240e+003;4.914793e-002
3.720169e+003;4.910174e-002
3.722098e+003;4.887059e-002
3.724026e+003;4.893950e-002
3.725955e+003;4.897614e-002
3.727883e+003;4.875848e-002
3.729812e+003;4.828971e-002
3.731740e+003;4.814172e-002
3.733669e+003;4.819259e-002
3.735597e+003;4.805984e-002
3.737526e+003;4.818911e-002
3.739455e+003;4.825186e-002
3.741383e+003;4.797643e-002
3.743312e+003;4.807561e-002
3.745240e+003;4.835948e-002
3.747169e+003;4.829371e-002
3.749097e+003;4.798590e-002
3.751026e+003;4.819466e-002
3.752954e+003;4.859632e-002
3.754883e+003;4.871144e-002
3.756812e+003;4.858569e-002
3.758740e+003;4.839319e-002
3.760668e+003;4.839567e-002
3.762597e+003;4.879870e-002
3.764526e+003;4.872070e-002
3.766454e+003;4.850602e-002
3.768383e+003;4.823057e-002
3.770311e+003;4.825087e-002
3.772240e+003;4.837500e-002
3.774168e+003;4.860811e-002
3.776097e+003;4.885680e-002
3.778025e+003;4.881390e-002
3.779954e+003;4.858683e-002
3.781883e+003;4.846071e-002
3.783811e+003;4.822602e-002
3.785740e+003;4.791989e-002
3.787668e+003;4.827093e-002
3.789597e+003;4.861296e-002
3.791525e+003;4.851240e-002
3.793454e+003;4.825835e-002
3.795382e+003;4.827345e-002
3.797311e+003;4.842786e-002
3.799240e+003;4.843749e-002
3.801168e+003;4.809042e-002
3.803097e+003;4.818511e-002
3.805025e+003;4.843245e-002
3.806954e+003;4.841545e-002
3.808882e+003;4.866007e-002
3.810811e+003;4.900829e-002
3.812739e+003;4.909354e-002
3.814668e+003;4.889062e-002
3.816596e+003;4.861507e-002
3.818525e+003;4.825860e-002
3.820454e+003;4.777762e-002
3.822382e+003;4.802165e-002
3.824311e+003;4.844867e-002
3.826239e+003;4.896319e-002
3.828168e+003;4.925187e-002
3.830096e+003;4.898437e-002
3.832025e+003;4.884423e-002
3.833953e+003;4.882551e-002
3.835882e+003;4.857486e-002
3.837811e+003;4.857339e-002
3.839739e+003;4.872504e-002
3.841667e+003;4.887515e-002
3.843596e+003;4.849735e-002
3.845525e+003;4.828408e-002
3.847453e+003;4.866070e-002
3.849382e+003;4.898738e-002
3.851310e+003;4.872304e-002
3.853239e+003;4.833011e-002
3.855167e+003;4.838433e-002
3.857096e+003;4.900551e-002
3.859024e+003;4.947108e-002
3.860953e+003;4.935729e-002
3.862882e+003;4.885213e-002
3.864810e+003;4.855059e-002
3.866739e+003;4.876215e-002
3.868667e+003;4.901108e-002
3.870596e+003;4.938086e-002
3.872524e+003;4.953896e-002
3.874453e+003;4.936490e-002
3.876381e+003;4.979581e-002
3.878310e+003;5.022655e-002
3.880239e+003;4.999105e-002
3.882167e+003;4.992254e-002
3.884096e+003;4.986352e-002
3.886024e+003;4.931619e-002
3.887953e+003;4.935268e-002
3.889881e+003;4.974476e-002
3.891810e+003;5.006608e-002
3.893738e+003;5.059942e-002
3.895667e+003;5.063419e-002
3.897595e+003;5.058580e-002
3.899524e+003;5.056622e-002
3.901453e+003;5.020096e-002
3.903381e+003;5.012989e-002
3.905310e+003;5.001938e-002
3.907238e+003;5.039635e-002
3.909167e+003;5.092984e-002
3.911095e+003;5.108332e-002
3.913024e+003;5.122821e-002
3.914952e+003;5.117856e-002
3.916881e+003;5.079376e-002
3.918810e+003;5.052906e-002
3.920738e+003;5.060080e-002
3.922667e+003;5.079670e-002
3.924595e+003;5.062939e-002
3.926524e+003;5.042545e-002
3.928452e+003;5.025378e-002
3.930381e+003;5.051890e-002
3.932309e+003;5.155500e-002
3.934238e+003;5.168961e-002
3.936167e+003;5.133668e-002
3.938095e+003;5.134664e-002
3.940023e+003;5.119779e-002
3.941952e+003;5.139106e-002
3.943881e+003;5.144894e-002
3.945809e+003;5.122937e-002
3.947738e+003;5.133243e-002
3.949666e+003;5.118053e-002
3.951595e+003;5.110140e-002
3.953523e+003;5.101173e-002
3.955452e+003;5.072106e-002
3.957380e+003;5.089634e-002
3.959309e+003;5.136883e-002
3.961238e+003;5.147028e-002
3.963166e+003;5.125577e-002
3.965095e+003;5.108265e-002
3.967023e+003;5.123373e-002
3.968952e+003;5.144320e-002
3.970880e+003;5.159209e-002
3.972809e+003;5.173906e-002
3.974737e+003;5.159941e-002
3.976666e+003;5.123586e-002
3.978594e+003;5.067493e-002
3.980523e+003;5.060538e-002
3.982452e+003;5.105187e-002
3.984380e+003;5.103171e-002
3.986309e+003;5.057664e-002
3.988237e+003;5.047350e-002
3.990166e+003;5.038173e-002
3.992094e+003;5.060504e-002
3.994023e+003;5.086106e-002
3.995951e+003;5.051012e-002
3.997880e+003;5.019717e-002
3.999809e+003;5.073223e-002
4.001737e+003;0.000000e+000
